KT = 0.392;
La = 0.001;
J = 0.1;
Ra = 5.45;
F = 0.1;